1955 01 01  2435109   34
1955 01 02  2435110   34
1955 01 03  2435111   31
1955 01 04  2435112   29
1955 01 05  2435113   20
1955 01 06  2435114   31
1955 01 07  2435115   29
1955 01 08  2435116   27
1955 01 09  2435117   29
1955 01 10  2435118   29
1955 01 11  2435119   28
1955 01 12  2435120   30
1955 01 13  2435121   30
1955 01 14  2435122   33
1955 01 15  2435123   32
1955 01 16  2435124   31
1955 01 17  2435125   31
1955 01 18  2435126   31
1955 01 19  2435127   29
1955 01 20  2435128   28
1955 01 21  2435129   34
1955 01 22  2435130   33
1955 01 23  2435131   36
1955 01 24  2435132   36
1955 01 25  2435133   31
1955 01 26  2435134   36
1955 01 27  2435135   29
1955 01 28  2435136   28
1955 01 29  2435137   26
1955 01 30  2435138   29
1955 01 31  2435139   35
1956 01 01  2435474   29
1956 01 02  2435475   29
1956 01 03  2435476   31
1956 01 04  2435477   33
1956 01 05  2435478   35
1956 01 06  2435479   36
1956 01 07  2435480   31
1956 01 08  2435481   31
1956 01 09  2435482   31
1956 01 10  2435483   30
1956 01 11  2435484   34
1956 01 12  2435485   37
1956 01 13  2435486   34
1956 01 15  2435488   35
1956 01 16  2435489   39
1956 01 17  2435490   39
1956 01 18  2435491   35
1956 01 19  2435492   40
1956 01 20  2435493   37
1956 01 21  2435494   39
1956 01 22  2435495   39
1956 01 23  2435496   41
1956 01 24  2435497   33
1956 01 25  2435498   31
1956 01 26  2435499   29
1956 01 27  2435500   28
1956 01 28  2435501   25
1956 01 29  2435502   25
1956 01 30  2435503   30
1956 01 31  2435504   22
1957 01 01  2435840   32
1957 01 02  2435841   32
1957 01 03  2435842   32
1957 01 04  2435843   32
1957 01 05  2435844   31
1957 01 06  2435845   29
1957 01 07  2435846   25
1957 01 08  2435847   30
1957 01 09  2435848   30
1957 01 10  2435849   30
1957 01 11  2435850   31
1957 01 12  2435851   32
1957 01 13  2435852   30
1957 01 14  2435853   31
1957 01 15  2435854   30
1957 01 16  2435855   27
1957 01 17  2435856   22
1957 01 18  2435857   24
1957 01 19  2435858   22
1957 01 20  2435859   27
1957 01 21  2435860   26
1957 01 22  2435861   26
1957 01 23  2435862   30
1957 01 24  2435863   26
1957 01 25  2435864   17
1957 01 26  2435865   13
1957 01 27  2435866    8
1957 01 28  2435867    7
1957 01 29  2435868    7
1957 01 30  2435869   11
1957 01 31  2435870   11
1958 01 01  2436205   34
1958 01 02  2436206   34
1958 01 03  2436207   35
1958 01 04  2436208   33
1958 01 05  2436209   30
1958 01 06  2436210   28
1958 01 07  2436211   37
1958 01 08  2436212   35
1958 01 09  2436213   34
1958 01 10  2436214   37
1958 01 11  2436215   38
1958 01 12  2436216   39
1958 01 13  2436217   37
1958 01 14  2436218   37
1958 01 15  2436219   38
1958 01 16  2436220   39
1958 01 17  2436221   40
1958 01 18  2436222   42
1958 01 19  2436223   33
1958 01 20  2436224   36
1958 01 21  2436225   35
1958 01 22  2436226   34
1958 01 23  2436227   32
1958 01 24  2436228   38
1958 01 25  2436229   40
1958 01 26  2436230   39
1958 01 27  2436231   37
1958 01 28  2436232   39
1958 01 29  2436233   40
1958 01 30  2436234   41
1958 01 31  2436235   37
1959 01 01  2436570   34
1959 01 02  2436571   34
1959 01 03  2436572   23
1959 01 04  2436573   16
1959 01 05  2436574   15
1959 01 06  2436575   18
1959 01 07  2436576   28
1959 01 08  2436577   35
1959 01 09  2436578   35
1959 01 10  2436579   40
1959 01 11  2436580   41
1959 01 12  2436581   40
1959 01 13  2436582   40
1959 01 14  2436583   37
1959 01 15  2436584   31
1959 01 16  2436585   38
1959 01 17  2436586   37
1959 01 18  2436587   43
1959 01 19  2436588   38
1959 01 20  2436589   36
1959 01 21  2436590   34
1959 01 22  2436591   33
1959 01 23  2436592   37
1959 01 24  2436593   40
1959 01 25  2436594   43
1959 01 26  2436595   37
1959 01 27  2436596   42
1959 01 28  2436597   41
1959 01 29  2436598   37
1959 01 30  2436599   36
1959 01 31  2436600   37
1960 01 01  2436935   26
1960 01 02  2436936   26
1960 01 03  2436937   27
1960 01 04  2436938   24
1960 01 05  2436939   25
1960 01 06  2436940   30
1960 01 07  2436941   33
1960 01 08  2436942   34
1960 01 09  2436943   32
1960 01 10  2436944   30
1960 01 11  2436945   24
1960 01 12  2436946   28
1960 01 13  2436947   32
1960 01 14  2436948   30
1960 01 15  2436949   28
1960 01 16  2436950   32
1960 01 17  2436951   33
1960 01 18  2436952   32
1960 01 19  2436953   26
1960 01 20  2436954   25
1960 01 21  2436955   27
1960 01 22  2436956   33
1960 01 23  2436957   34
1960 01 24  2436958   35
1960 01 25  2436959   38
1960 01 26  2436960   35
1960 01 27  2436961   37
1960 01 28  2436962   36
1960 01 29  2436963   35
1960 01 30  2436964   41
1960 01 31  2436965   37
1961 01 01  2437301   35
1961 01 02  2437302   35
1961 01 03  2437303   32
1961 01 04  2437304   30
1961 01 05  2437305   26
1961 01 06  2437306   35
1961 01 07  2437307   44
1961 01 08  2437308   45
1961 01 09  2437309   41
1961 01 10  2437310   41
1961 01 11  2437311   41
1961 01 12  2437312   37
1961 01 13  2437313   37
1961 01 14  2437314   39
1961 01 15  2437315   42
1961 01 16  2437316   44
1961 01 17  2437317   42
1961 01 18  2437318   42
1961 01 19  2437319   42
1961 01 20  2437320   47
1961 01 21  2437321   44
1961 01 22  2437322   35
1961 01 23  2437323   37
1961 01 24  2437324   36
1961 01 25  2437325   36
1961 01 26  2437326   37
1961 01 27  2437327   37
1961 01 28  2437328   33
1961 01 29  2437329   36
1961 01 30  2437330   41
1961 01 31  2437331   44
1962 01 01  2437666   39
1962 01 02  2437667   39
1962 01 03  2437668   32
1962 01 04  2437669   39
1962 01 05  2437670   37
1962 01 06  2437671   37
1962 01 07  2437672   41
1962 01 08  2437673   47
1962 01 09  2437674   43
1962 01 10  2437675   41
1962 01 11  2437676   33
1962 01 12  2437677   30
1962 01 13  2437678   30
1962 01 14  2437679   31
1962 01 15  2437680   33
1962 01 16  2437681   35
1962 01 17  2437682   33
1962 01 18  2437683   33
1962 01 19  2437684   27
1962 01 20  2437685   18
1962 01 21  2437686   15
1962 01 22  2437687   10
1962 01 23  2437688   14
1962 01 24  2437689   19
1962 01 25  2437690   30
1962 01 26  2437691   35
1962 01 27  2437692   37
1962 01 28  2437693   38
1962 01 29  2437694   33
1962 01 30  2437695   33
1962 01 31  2437696   36
1963 01 01  2438031   41
1963 01 02  2438032   41
1963 01 03  2438033   42
1963 01 04  2438034   42
1963 01 05  2438035   32
1963 01 06  2438036   31
1963 01 07  2438037   31
1963 01 08  2438038   34
1963 01 09  2438039   32
1963 01 10  2438040   32
1963 01 11  2438041   20
1963 01 12  2438042    9
1963 01 13  2438043   12
1963 01 14  2438044   18
1963 01 15  2438045   30
1963 01 16  2438046   34
1963 01 17  2438047   33
1963 01 18  2438048   33
1963 01 19  2438049   30
1963 01 20  2438050   24
1963 01 21  2438051   27
1963 01 22  2438052   26
1963 01 23  2438053   33
1963 01 24  2438054   32
1963 01 25  2438055   28
1963 01 26  2438056   33
1963 01 27  2438057   32
1963 01 28  2438058   25
1963 01 29  2438059   25
1963 01 30  2438060   17
1963 01 31  2438061   15
1964 01 01  2438396   43
1964 01 02  2438397   43
1964 01 03  2438398   39
1964 01 04  2438399   34
1964 01 05  2438400   37
1964 01 06  2438401   35
1964 01 07  2438402   37
1964 01 08  2438403   34
1964 01 09  2438404   35
1964 01 10  2438405   34
1964 01 11  2438406   35
1964 01 12  2438407   35
1964 01 13  2438408   38
1964 01 14  2438409   36
1964 01 15  2438410   39
1964 01 16  2438411   36
1964 01 17  2438412   40
1964 01 18  2438413   35
1964 01 19  2438414   32
1964 01 20  2438415   32
1964 01 21  2438416   35
1964 01 22  2438417   33
1964 01 23  2438418   32
1964 01 24  2438419   31
1964 01 25  2438420   33
1964 01 26  2438421   44
1964 01 27  2438422   42
1964 01 28  2438423   40
1964 01 29  2438424   33
1964 01 30  2438425   41
1964 01 31  2438426   35
1965 01 01  2438762   31
1965 01 02  2438763   31
1965 01 03  2438764   34
1965 01 04  2438765   31
1965 01 05  2438766   31
1965 01 06  2438767   34
1965 01 07  2438768   34
1965 01 08  2438769   32
1965 01 09  2438770   32
1965 01 10  2438771   31
1965 01 11  2438772   37
1965 01 12  2438773   33
1965 01 13  2438774   29
1965 01 14  2438775   30
1965 01 15  2438776   34
1965 01 16  2438777   41
1965 01 17  2438778   42
1965 01 18  2438779   41
1965 01 19  2438780   39
1965 01 20  2438781   40
1965 01 21  2438782   39
1965 01 22  2438783   39
1965 01 23  2438784   37
1965 01 24  2438785   37
1965 01 25  2438786   33
1965 01 26  2438787   31
1965 01 27  2438788   33
1965 01 28  2438789   44
1965 01 29  2438790   46
1965 01 30  2438791   44
1965 01 31  2438792   45
1966 01 01  2439127   31
1966 01 02  2439128   31
1966 01 03  2439129   31
1966 01 04  2439130   31
1966 01 05  2439131   31
1966 01 06  2439132   35
1966 01 07  2439133   39
1966 01 08  2439134   39
1966 01 09  2439135   37
1966 01 10  2439136   33
1966 01 11  2439137   35
1966 01 12  2439138   36
1966 01 13  2439139   38
1966 01 14  2439140   40
1966 01 15  2439141   41
1966 01 16  2439142   36
1966 01 17  2439143   35
1966 01 18  2439144   32
1966 01 19  2439145   33
1966 01 20  2439146   28
1966 01 21  2439147   24
1966 01 22  2439148   25
1966 01 23  2439149   31
1966 01 24  2439150   32
1966 01 25  2439151   34
1966 01 26  2439152   35
1966 01 27  2439153   35
1966 01 28  2439154   34
1966 01 29  2439155   35
1966 01 30  2439156   38
1966 01 31  2439157   37
1967 01 01  2439492   37
1967 01 02  2439493   37
1967 01 03  2439494   37
1967 01 04  2439495   37
1967 01 05  2439496   32
1967 01 06  2439497   33
1967 01 07  2439498   32
1967 01 08  2439499   34
1967 01 09  2439500   34
1967 01 10  2439501   37
1967 01 11  2439502   38
1967 01 12  2439503   40
1967 01 13  2439504   39
1967 01 14  2439505   43
1967 01 15  2439506   44
1967 01 16  2439507   39
1967 01 17  2439508   38
1967 01 18  2439509   37
1967 01 19  2439510   34
1967 01 20  2439511   39
1967 01 21  2439512   39
1967 01 22  2439513   35
1967 01 23  2439514   34
1967 01 24  2439515   35
1967 01 25  2439516   33
1967 01 26  2439517   35
1967 01 27  2439518   38
1967 01 28  2439519   44
1967 01 29  2439520   44
1967 01 30  2439521   41
1967 01 31  2439522   35
1968 01 01  2439857   37
1968 01 02  2439858   37
1968 01 03  2439859   34
1968 01 04  2439860   32
1968 01 05  2439861   31
1968 01 06  2439862   33
1968 01 07  2439863   29
1968 01 08  2439864   27
1968 01 09  2439865   33
1968 01 10  2439866   32
1968 01 11  2439867   30
1968 01 12  2439868   32
1968 01 13  2439869   34
1968 01 14  2439870   39
1968 01 15  2439871   45
1968 01 16  2439872   41
1968 01 17  2439873   37
1968 01 18  2439874   32
1968 01 19  2439875   36
1968 01 20  2439876   37
1968 01 21  2439877   43
1968 01 22  2439878   44
1968 01 23  2439879   38
1968 01 24  2439880   38
1968 01 25  2439881   37
1968 01 26  2439882   32
1968 01 27  2439883   30
1968 01 28  2439884   24
1968 01 29  2439885   23
1968 01 30  2439886   25
1968 01 31  2439887   31
1969 01 01  2440223   32
1969 01 02  2440224   32
1969 01 03  2440225   32
1969 01 04  2440226   31
1969 01 05  2440227   37
1969 01 06  2440228   38
1969 01 07  2440229   38
1969 01 08  2440230   32
1969 01 09  2440231   31
1969 01 10  2440232   32
1969 01 11  2440233   32
1969 01 12  2440234   31
1969 01 13  2440235   29
1969 01 14  2440236   30
1969 01 15  2440237   32
1969 01 16  2440238   30
1969 01 17  2440239   31
1969 01 18  2440240   31
1969 01 19  2440241   30
1969 01 20  2440242   30
1969 01 21  2440243   30
1969 01 22  2440244   27
1969 01 23  2440245   25
1969 01 24  2440246   20
1969 01 25  2440247   13
1969 01 26  2440248   20
1969 01 27  2440249   19
1969 01 28  2440250   27
1969 01 29  2440251   19
1969 01 30  2440252   21
1969 01 31  2440253   22
1970 01 01  2440588   32
1970 01 02  2440589   32
1970 01 03  2440590   28
1970 01 04  2440591   27
1970 01 05  2440592   28
1970 01 06  2440593   26
1970 01 07  2440594   29
1970 01 08  2440595   29
1970 01 09  2440596   32
1970 01 10  2440597   34
1970 01 11  2440598   31
1970 01 12  2440599   29
1970 01 13  2440600   36
1970 01 14  2440601   38
1970 01 15  2440602   42
1970 01 16  2440603   35
1970 01 17  2440604   36
1970 01 18  2440605   35
1970 01 19  2440606   40
1970 01 20  2440607   44
1970 01 21  2440608   44
1970 01 22  2440609   45
1970 01 23  2440610   45
1970 01 24  2440611   42
1970 01 25  2440612   39
1970 01 26  2440613   38
1970 01 27  2440614   37
1970 01 28  2440615   32
1970 01 29  2440616   31
1970 01 30  2440617   32
1970 01 31  2440618   37
1971 01 01  2440953   29
1971 01 02  2440954   29
1971 01 03  2440955   22
1971 01 04  2440956   22
1971 01 05  2440957   23
1971 01 06  2440958   22
1971 01 07  2440959   25
1971 01 08  2440960   32
1971 01 09  2440961   36
1971 01 10  2440962   43
1971 01 11  2440963   33
1971 01 12  2440964   31
1971 01 13  2440965   28
1971 01 14  2440966   25
1971 01 15  2440967   28
1971 01 16  2440968   32
1971 01 17  2440969   37
1971 01 18  2440970   40
1971 01 19  2440971   41
1971 01 20  2440972   40
1971 01 21  2440973   37
1971 01 22  2440974   35
1971 01 23  2440975   33
1971 01 24  2440976   40
1971 01 25  2440977   39
1971 01 26  2440978   39
1971 01 27  2440979   40
1971 01 28  2440980   33
1971 01 29  2440981   32
1971 01 30  2440982   30
1971 01 31  2440983   42
1972 01 01  2441318   31
1972 01 02  2441319   31
1972 01 03  2441320   31
1972 01 04  2441321   24
1972 01 05  2441322   27
1972 01 06  2441323   32
1972 01 07  2441324   36
1972 01 08  2441325   35
1972 01 09  2441326   34
1972 01 10  2441327   33
1972 01 11  2441328   34
1972 01 12  2441329   35
1972 01 13  2441330   34
1972 01 14  2441331   35
1972 01 15  2441332   31
1972 01 16  2441333   32
1972 01 17  2441334   31
1972 01 18  2441335   37
1972 01 19  2441336   36
1972 01 20  2441337   43
1972 01 21  2441338   42
1972 01 22  2441339   40
1972 01 23  2441340   36
1972 01 24  2441341   33
1972 01 25  2441342   32
1972 01 26  2441343   31
1972 01 27  2441344   17
1972 01 28  2441345   12
1972 01 29  2441346   18
1972 01 30  2441347   20
1972 01 31  2441348   26
1973 01 01  2441684   34
1973 01 02  2441685   34
1973 01 03  2441686   36
1973 01 04  2441687   32
1973 01 05  2441688   25
1973 01 06  2441689   28
1973 01 07  2441690   22
1973 01 08  2441691   22
1973 01 09  2441692   21
1973 01 10  2441693   26
1973 01 11  2441694   28
1973 01 12  2441695   33
1973 01 13  2441696   40
1973 01 14  2441697   40
1973 01 15  2441698   40
1973 01 16  2441699   37
1973 01 17  2441700   39
1973 01 18  2441701   39
1973 01 19  2441702   39
1973 01 20  2441703   34
1973 01 21  2441704   33
1973 01 22  2441705   34
1973 01 23  2441706   29
1973 01 24  2441707   34
1973 01 25  2441708   35
1973 01 26  2441709   32
1973 01 27  2441710   27
1973 01 28  2441711   37
1973 01 29  2441712   41
1973 01 30  2441713   35
1973 01 31  2441714   36
1974 01 01  2442049   28
1974 01 02  2442050   28
1974 01 03  2442051   18
1974 01 04  2442052   26
1974 01 05  2442053   24
1974 01 06  2442054   18
1974 01 07  2442055   16
1974 01 08  2442056   15
1974 01 09  2442057   16
1974 01 10  2442058   12
1974 01 11  2442059   17
1974 01 12  2442060   21
1974 01 13  2442061   28
1974 01 14  2442062   35
1974 01 15  2442063   39
1974 01 16  2442064   42
1974 01 17  2442065   44
1974 01 18  2442066   37
1974 01 19  2442067   38
1974 01 20  2442068   36
1974 01 21  2442069   34
1974 01 22  2442070   32
1974 01 23  2442071   34
1974 01 24  2442072   40
1974 01 25  2442073   40
1974 01 26  2442074   40
1974 01 27  2442075   35
1974 01 28  2442076   38
1974 01 29  2442077   41
1974 01 30  2442078   41
1974 01 31  2442079   40
1975 01 01  2442414   32
1975 01 02  2442415   32
1975 01 03  2442416   33
1975 01 04  2442417   35
1975 01 05  2442418   37
1975 01 06  2442419   35
1975 01 07  2442420   38
1975 01 08  2442421   34
1975 01 09  2442422   30
1975 01 10  2442423   28
1975 01 11  2442424   32
1975 01 12  2442425   28
1975 01 13  2442426   28
1975 01 14  2442427   36
1975 01 15  2442428   41
1975 01 16  2442429   38
1975 01 17  2442430   38
1975 01 18  2442431   41
1975 01 19  2442432   44
1975 01 20  2442433   35
1975 01 21  2442434   37
1975 01 22  2442435   31
1975 01 23  2442436   36
1975 01 24  2442437   41
1975 01 25  2442438   41
1975 01 26  2442439   35
1975 01 27  2442440   32
1975 01 28  2442441   25
1975 01 29  2442442   27
1975 01 30  2442443   28
1975 01 31  2442444   22
1976 01 01  2442779   26
1976 01 02  2442780   26
1976 01 03  2442781   29
1976 01 04  2442782   33
1976 01 05  2442783   36
1976 01 06  2442784   33
1976 01 07  2442785   36
1976 01 08  2442786   34
1976 01 09  2442787   39
1976 01 10  2442788   38
1976 01 11  2442789   36
1976 01 12  2442790   34
1976 01 13  2442791   33
1976 01 14  2442792   35
1976 01 15  2442793   39
1976 01 16  2442794   45
1976 01 17  2442795   40
1976 01 18  2442796   36
1976 01 19  2442797   39
1976 01 20  2442798   36
1976 01 21  2442799   42
1976 01 22  2442800   36
1976 01 23  2442801   33
1976 01 24  2442802   35
1976 01 25  2442803   31
1976 01 26  2442804   29
1976 01 27  2442805   31
1976 01 28  2442806   41
1976 01 29  2442807   41
1976 01 30  2442808   35
1976 01 31  2442809   32
1977 01 01  2443145   34
1977 01 02  2443146   34
1977 01 03  2443147   31
1977 01 04  2443148   25
1977 01 05  2443149   25
1977 01 06  2443150   21
1977 01 07  2443151   21
1977 01 08  2443152   23
1977 01 09  2443153   23
1977 01 10  2443154   21
1977 01 11  2443155   27
1977 01 12  2443156   34
1977 01 13  2443157   32
1977 01 14  2443158   36
1977 01 15  2443159   33
1977 01 16  2443160   39
1977 01 17  2443161   37
1977 01 18  2443162   37
1977 01 19  2443163   38
1977 01 20  2443164   41
1977 01 21  2443165   46
1977 01 22  2443166   38
1977 01 23  2443167   30
1977 01 24  2443168   31
1977 01 25  2443169   37
1977 01 26  2443170   39
1977 01 27  2443171   27
1977 01 28  2443172   30
1977 01 29  2443173   31
1977 01 30  2443174   26
1977 01 31  2443175   28
1978 01 01  2443510   26
1978 01 02  2443511   26
1978 01 03  2443512   27
1978 01 04  2443513   29
1978 01 05  2443514   35
1978 01 06  2443515   38
1978 01 07  2443516   33
1978 01 08  2443517   35
1978 01 09  2443518   40
1978 01 10  2443519   40
1978 01 11  2443520   39
1978 01 12  2443521   38
1978 01 13  2443522   40
1978 01 14  2443523   38
1978 01 15  2443524   42
1978 01 16  2443525   40
1978 01 17  2443526   40
1978 01 18  2443527   40
1978 01 19  2443528   37
1978 01 20  2443529   39
1978 01 21  2443530   41
1978 01 22  2443531   40
1978 01 23  2443532   36
1978 01 24  2443533   31
1978 01 25  2443534   28
1978 01 26  2443535   32
1978 01 28  2443537   33
1978 01 30  2443539   37
1979 01 01  2443875    9
1979 01 02  2443876    9
1979 01 03  2443877   19
1979 01 04  2443878   24
1979 01 05  2443879   27
1979 01 06  2443880   23
1979 01 07  2443881   29
1979 01 08  2443882   24
1979 01 09  2443883   26
1979 01 10  2443884   30
1979 01 11  2443885   32
1979 01 12  2443886   32
1979 01 13  2443887   29
1979 01 14  2443888   32
1979 01 15  2443889   30
1979 01 16  2443890   27
1979 01 17  2443891   30
1979 01 18  2443892   30
1979 01 19  2443893   25
1979 01 20  2443894   30
1979 01 21  2443895   36
1979 01 22  2443896   34
1979 01 23  2443897   27
1979 01 24  2443898   34
1979 01 25  2443899   32
1979 01 26  2443900   27
1979 01 27  2443901   23
1979 01 28  2443902   31
1979 01 29  2443903   24
1979 01 30  2443904   21
1979 01 31  2443905   22
1980 01 01  2444240   42
1980 01 02  2444241   42
1980 01 03  2444242   39
1980 01 04  2444243   36
1980 01 05  2444244   38
1980 01 06  2444245   37
1980 01 07  2444246   28
1980 01 08  2444247   26
1980 01 09  2444248   27
1980 01 10  2444249   29
1980 01 11  2444250   29
1980 01 12  2444251   29
1980 01 13  2444252   34
1980 01 14  2444253   35
1980 01 15  2444254   37
1980 01 16  2444255   32
1980 01 17  2444256   38
1980 01 18  2444257   36
1980 01 19  2444258   27
1980 01 20  2444259   26
1980 01 21  2444260   32
1980 01 22  2444261   31
1980 01 23  2444262   39
1980 01 24  2444263   31
1980 01 25  2444264   29
1980 01 26  2444265   35
1980 01 27  2444266   20
1980 01 28  2444267   15
1980 01 29  2444268   15
1980 01 30  2444269   12
1980 01 31  2444270   16
1981 01 01  2444606   42
1981 01 02  2444607   42
1981 01 03  2444608   41
1981 01 04  2444609   47
1981 01 05  2444610   40
1981 01 06  2444611   39
1981 01 07  2444612   42
1981 01 08  2444613   42
1981 01 09  2444614   42
1981 01 10  2444615   39
1981 01 11  2444616   40
1981 01 12  2444617   43
1981 01 13  2444618   38
1981 01 14  2444619   33
1981 01 15  2444620   40
1981 01 16  2444621   38
1981 01 17  2444622   38
1981 01 18  2444623   38
1981 01 19  2444624   42
1981 01 20  2444625   47
1981 01 21  2444626   42
1981 01 22  2444627   45
1981 01 23  2444628   45
1981 01 24  2444629   44
1981 01 25  2444630   40
1981 01 26  2444631   38
1981 01 27  2444632   38
1981 01 28  2444633   36
1981 01 29  2444634   36
1981 01 30  2444635   33
1981 01 31  2444636   36
1982 01 01  2444971   31
1982 01 02  2444972   31
1982 01 03  2444973   31
1982 01 04  2444974   31
1982 01 05  2444975   31
1982 01 06  2444976   28
1982 01 07  2444977   14
1982 01 08  2444978   18
1982 01 09  2444979   30
1982 01 10  2444980   29
1982 01 11  2444981   28
1982 01 12  2444982   32
1982 01 13  2444983   33
1982 01 14  2444984   35
1982 01 15  2444985   35
1982 01 16  2444986   38
1982 01 17  2444987   37
1982 01 18  2444988   38
1982 01 19  2444989   35
1982 01 20  2444990   32
1982 01 21  2444991   33
1982 01 22  2444992   32
1982 01 23  2444993   31
1982 01 24  2444994   34
1982 01 25  2444995   40
1982 01 26  2444996   39
1982 01 27  2444997   39
1982 01 28  2444998   38
1982 01 29  2444999   38
1982 01 30  2445000   38
1982 01 31  2445001   38
1983 01 01  2445336   34
1983 01 02  2445337   34
1983 01 03  2445338   33
1983 01 04  2445339   36
1983 01 05  2445340   38
1983 01 06  2445341   40
1983 01 07  2445342   43
1983 01 08  2445343   43
1983 01 09  2445344   39
1983 01 10  2445345   37
1983 01 11  2445346   44
1983 01 12  2445347   35
1983 01 13  2445348   33
1983 01 14  2445349   33
1983 01 15  2445350   41
1983 01 16  2445351   44
1983 01 17  2445352   41
1983 01 18  2445353   40
1983 01 19  2445354   41
1983 01 20  2445355   40
1983 01 21  2445356   38
1983 01 22  2445357   34
1983 01 23  2445358   36
1983 01 24  2445359   46
1983 01 25  2445360   37
1983 01 26  2445361   42
1983 01 27  2445362   44
1983 01 28  2445363   42
1983 01 29  2445364   36
1983 01 30  2445365   45
1983 01 31  2445366   38
1984 01 01  2445701   31
1984 01 02  2445702   31
1984 01 03  2445703   34
1984 01 04  2445704   38
1984 01 05  2445705   42
1984 01 06  2445706   39
1984 01 07  2445707   36
1984 01 08  2445708   35
1984 01 09  2445709   35
1984 01 10  2445710   41
1984 01 11  2445711   38
1984 01 12  2445712   39
1984 01 13  2445713   33
1984 01 14  2445714   29
1984 01 15  2445715   29
1984 01 16  2445716   29
1984 01 17  2445717   23
1984 01 18  2445718   26
1984 01 19  2445719   28
1984 01 20  2445720   30
1984 01 21  2445721   33
1984 01 22  2445722   32
1984 01 23  2445723   37
1984 01 24  2445724   40
1984 01 25  2445725   45
1984 01 26  2445726   43
1984 01 27  2445727   39
1984 01 28  2445728   40
1984 01 29  2445729   35
1984 01 30  2445730   36
1984 01 31  2445731    4
1985 01 01  2446067   33
1985 01 02  2446068   33
1985 01 03  2446069   35
1985 01 04  2446070   34
1985 01 05  2446071   36
1985 01 06  2446072   35
1985 01 07  2446073   36
1985 01 08  2446074   40
1985 01 09  2446075   29
1985 01 10  2446076   32
1985 01 11  2446077   27
1985 01 12  2446078   34
1985 01 13  2446079   32
1985 01 14  2446080   34
1985 01 15  2446081   33
1985 01 16  2446082   36
1985 01 17  2446083   33
1985 01 18  2446084   31
1985 01 19  2446085   32
1985 01 20  2446086   32
1985 01 21  2446087   38
1985 01 22  2446088   31
1985 01 23  2446089   35
1985 01 24  2446090   39
1985 01 25  2446091   36
1985 01 26  2446092   32
1985 01 27  2446093   33
1985 01 28  2446094   26
1985 01 29  2446095   29
1985 01 30  2446096   30
1985 01 31  2446097   25
1986 01 01  2446432   35
1986 01 02  2446433   35
1986 01 03  2446434   33
1986 01 04  2446435   37
1986 01 05  2446436   37
1986 01 06  2446437   37
1986 01 07  2446438   37
1986 01 08  2446439   40
1986 01 09  2446440   39
1986 01 10  2446441   42
1986 01 11  2446442   37
1986 01 12  2446443   37
1986 01 13  2446444   40
1986 01 14  2446445   39
1986 01 15  2446446   39
1986 01 16  2446447   38
1986 01 17  2446448   39
1986 01 18  2446449   37
1986 01 19  2446450   42
1986 01 20  2446451   40
1986 01 21  2446452   37
1986 01 22  2446453   33
1986 01 23  2446454   33
1986 01 24  2446455   34
1986 01 25  2446456   34
1986 01 26  2446457   40
1986 01 27  2446458   44
1986 01 28  2446459   42
1986 01 29  2446460   40
1986 01 30  2446461   41
1986 01 31  2446462   42
1987 01 01  2446797   38
1987 01 02  2446798   38
1987 01 03  2446799   37
1987 01 04  2446800   42
1987 01 05  2446801   39
1987 01 06  2446802   33
1987 01 07  2446803   32
1987 01 08  2446804   31
1987 01 09  2446805   35
1987 01 10  2446806   35
1987 01 11  2446807   34
1987 01 12  2446808   35
1987 01 13  2446809   40
1987 01 14  2446810   35
1987 01 15  2446811   32
1987 01 16  2446812   23
1987 01 17  2446813   22
1987 01 18  2446814   23
1987 01 19  2446815   27
1987 01 20  2446816   30
1987 01 21  2446817   28
1987 01 22  2446818   28
1987 01 23  2446819   28
1987 01 24  2446820   35
1987 01 25  2446821   38
1987 01 26  2446822   38
1987 01 27  2446823   40
1987 01 28  2446824   40
1987 01 29  2446825   41
1987 01 30  2446826   38
1987 01 31  2446827   40
1988 01 01  2447162   30
1988 01 02  2447163   30
1988 01 03  2447164   27
1988 01 04  2447165   29
1988 01 05  2447166   30
1988 01 06  2447167   30
1988 01 07  2447168   30
1988 01 08  2447169   33
1988 01 09  2447170   30
1988 01 10  2447171   33
1988 01 11  2447172   35
1988 01 12  2447173   33
1988 01 13  2447174   34
1988 01 14  2447175   34
1988 01 15  2447176   39
1988 01 16  2447177   34
1988 01 17  2447178   32
1988 01 18  2447179   30
1988 01 19  2447180   30
1988 01 20  2447181   31
1988 01 21  2447182   32
1988 01 22  2447183   31
1988 01 23  2447184   30
1988 01 24  2447185   37
1988 01 25  2447186   30
1988 01 26  2447187   30
1988 01 27  2447188   32
1988 01 28  2447189   40
1988 01 29  2447190   39
1988 01 30  2447191   36
1988 01 31  2447192   34
1989 01 01  2447528   34
1989 01 02  2447529   34
1989 01 03  2447530   36
1989 01 04  2447531   40
1989 01 05  2447532   39
1989 01 06  2447533   32
1989 01 07  2447534   32
1989 01 08  2447535   31
1989 01 09  2447536   32
1989 01 10  2447537   34
1989 01 11  2447538   35
1989 01 12  2447539   34
1989 01 13  2447540   34
1989 01 14  2447541   32
1989 01 15  2447542   32
1989 01 16  2447543   34
1989 01 17  2447544   39
1989 01 18  2447545   42
1989 01 19  2447546   40
1989 01 20  2447547   34
1989 01 21  2447548   34
1989 01 22  2447549   39
1989 01 23  2447550   32
1989 01 24  2447551   27
1989 01 25  2447552   30
1989 01 26  2447553   30
1989 01 27  2447554   30
1989 01 28  2447555   34
1989 01 29  2447556   30
1989 01 30  2447557   35
1989 01 31  2447558   42
1990 01 01  2447893   35
1990 01 02  2447894   35
1990 01 03  2447895   32
1990 01 04  2447896   37
1990 01 05  2447897   39
1990 01 06  2447898   43
1990 01 07  2447899   43
1990 01 08  2447900   43
1990 01 09  2447901   41
1990 01 10  2447902   43
1990 01 11  2447903   34
1990 01 12  2447904   38
1990 01 13  2447905   42
1990 01 14  2447906   38
1990 01 15  2447907   41
1990 01 16  2447908   40
1990 01 17  2447909   37
1990 01 18  2447910   30
1990 01 19  2447911   37
1990 01 20  2447912   28
1990 01 21  2447913   29
1990 01 22  2447914   29
1990 01 23  2447915   38
1990 01 24  2447916   34
1990 01 25  2447917   32
1990 01 26  2447918   32
1990 01 27  2447919   32
1990 01 28  2447920   33
1990 01 29  2447921   37
1990 01 30  2447922   37
1990 01 31  2447923   38
1991 01 01  2448258   32
1991 01 02  2448259   32
1991 01 03  2448260   30
1991 01 04  2448261   33
1991 01 05  2448262   29
1991 01 06  2448263   26
1991 01 07  2448264   29
1991 01 08  2448265   30
1991 01 09  2448266   35
1991 01 10  2448267   33
1991 01 11  2448268   37
1991 01 12  2448269   39
1991 01 13  2448270   39
1991 01 14  2448271   39
1991 01 15  2448272   41
1991 01 16  2448273   40
1991 01 17  2448274   38
1991 01 18  2448275   42
1991 01 19  2448276   36
1991 01 20  2448277   35
1991 01 21  2448278   27
1991 01 22  2448279   28
1991 01 23  2448280   28
1991 01 24  2448281   28
1991 01 25  2448282   34
1991 01 26  2448283   31
1991 01 27  2448284   28
1991 01 28  2448285   25
1991 01 29  2448286   32
1991 01 30  2448287   26
1991 01 31  2448288   26
1992 01 01  2448623   33
1992 01 02  2448624   33
1992 01 03  2448625   40
1992 01 04  2448626   39
1992 01 05  2448627   39
1992 01 06  2448628   37
1992 01 07  2448629   36
1992 01 08  2448630   33
1992 01 09  2448631   32
1992 01 10  2448632   32
1992 01 11  2448633   37
1992 01 12  2448634   37
1992 01 13  2448635   33
1992 01 14  2448636   35
1992 01 15  2448637   40
1992 01 16  2448638   37
1992 01 17  2448639   41
1992 01 18  2448640   30
1992 01 19  2448641   32
1992 01 20  2448642   36
1992 01 21  2448643   35
1992 01 22  2448644   39
1992 01 23  2448645   35
1992 01 24  2448646   42
1992 01 25  2448647   44
1992 01 26  2448648   43
1992 01 27  2448649   38
1992 01 28  2448650   43
1992 01 29  2448651   44
1992 01 30  2448652   43
1992 01 31  2448653   44
1993 01 01  2448989   29
1993 01 02  2448990   29
1993 01 03  2448991   25
1993 01 04  2448992   32
1993 01 05  2448993   32
1993 01 06  2448994   30
1993 01 07  2448995   27
1993 01 08  2448996   25
1993 01 09  2448997   24
1993 01 10  2448998   25
1993 01 11  2448999   25
1993 01 12  2449000   22
1993 01 13  2449001   25
1993 01 14  2449002   27
1993 01 15  2449003   28
1993 01 16  2449004   31
1993 01 17  2449005   31
1993 01 18  2449006   33
1993 01 19  2449007   31
1993 01 20  2449008   34
1993 01 21  2449009   37
1993 01 22  2449010   34
1993 01 23  2449011   32
1993 01 24  2449012   31
1993 01 25  2449013   33
1993 01 26  2449014   45
1993 01 27  2449015   35
1993 01 28  2449016   33
1993 01 29  2449017   37
1993 01 30  2449018   38
1993 01 31  2449019   38
1994 01 01  2449354   42
1994 01 02  2449355   42
1994 01 03  2449356   43
1994 01 04  2449357   43
1994 01 05  2449358   43
1994 01 06  2449359   40
1994 01 07  2449360   40
1994 01 08  2449361   33
1994 01 09  2449362   40
1994 01 10  2449363   43
1994 01 11  2449364   40
1994 01 12  2449365   42
1994 01 13  2449366   43
1994 01 14  2449367   46
1994 01 15  2449368   37
1994 01 16  2449369   40
1994 01 17  2449370   39
1994 01 18  2449371   32
1994 01 19  2449372   29
1994 01 20  2449373   29
1994 01 21  2449374   29
1994 01 22  2449375   38
1994 01 23  2449376   45
1994 01 24  2449377   44
1994 01 25  2449378   40
1994 01 26  2449379   31
1994 01 27  2449380   30
1994 01 28  2449381   31
1994 01 29  2449382   28
1994 01 30  2449383   30
1994 01 31  2449384   31
1995 01 01  2449719   33
1995 01 02  2449720   33
1995 01 03  2449721   32
1995 01 05  2449723   32
1995 01 06  2449724   32
1995 01 07  2449725   32
1995 01 08  2449726   34
1995 01 09  2449727   37
1995 01 10  2449728   41
1995 01 11  2449729   41
1995 01 12  2449730   41
1995 01 13  2449731   40
1995 01 14  2449732   42
1995 01 15  2449733   42
1995 01 16  2449734   38
1995 01 17  2449735   33
1995 01 18  2449736   34
1995 01 19  2449737   38
1995 01 20  2449738   35
1995 01 21  2449739   44
1995 01 22  2449740   41
1995 01 23  2449741   30
1995 01 24  2449742   42
1995 01 25  2449743   41
1995 01 26  2449744   40
1995 01 27  2449745   40
1995 01 28  2449746   39
1995 01 29  2449747   41
1995 01 30  2449748   43
1995 01 31  2449749   47
1996 01 01  2450084   40
1996 01 02  2450085   40
1996 01 03  2450086   44
1996 01 04  2450087   43
1996 01 05  2450088   40
1996 01 06  2450089   38
1996 01 07  2450090   38
1996 01 08  2450091   38
1996 01 09  2450092   45
1996 01 10  2450093   44
1996 01 11  2450094   41
1996 01 12  2450095   36
1996 01 13  2450096   34
1996 01 14  2450097   36
1996 01 15  2450098   41
1996 01 16  2450099   43
1996 01 17  2450100   38
1996 01 18  2450101   34
1996 01 19  2450102   32
1996 01 20  2450103   34
1996 01 21  2450104   38
1996 01 22  2450105   38
1996 01 23  2450106   33
1996 01 24  2450107   34
1996 01 25  2450108   32
1996 01 26  2450109   32
1996 01 27  2450110   33
1996 01 28  2450111   30
1996 01 29  2450112   30
1996 01 30  2450113   25
1996 01 31  2450114   16
1997 01 01  2450450   44
1997 01 02  2450451   44
1997 01 03  2450452   42
1997 01 04  2450453   37
1997 01 05  2450454   32
1997 01 06  2450455   33
1997 01 07  2450456   33
1997 01 08  2450457   38
1997 01 09  2450458   38
1997 01 10  2450459   41
1997 01 11  2450460   44
1997 01 12  2450461   29
1997 01 13  2450462   26
1997 01 14  2450463   22
1997 01 15  2450464   32
1997 01 16  2450465   34
1997 01 17  2450466   35
1997 01 18  2450467   37
1997 01 19  2450468   40
1997 01 20  2450469   40
1997 01 21  2450470   42
1997 01 22  2450471   38
1997 01 23  2450472   33
1997 01 24  2450473   35
1997 01 25  2450474   34
1997 01 26  2450475   32
1997 01 27  2450476   26
1997 01 28  2450477   30
1997 01 29  2450478   32
1997 01 30  2450479   37
1997 01 31  2450480   43
1998 01 01  2450815   42
1998 01 02  2450816   42
1998 01 03  2450817   32
1998 01 04  2450818   32
1998 01 05  2450819   32
1998 01 06  2450820   37
1998 01 07  2450821   40
1998 01 08  2450822   37
1998 01 09  2450823   34
1998 01 10  2450824   33
1998 01 11  2450825   32
1998 01 12  2450826   25
1998 01 13  2450827   26
1998 01 14  2450828   34
1998 01 15  2450829   37
1998 01 16  2450830   35
1998 01 17  2450831   38
1998 01 18  2450832   40
1998 01 19  2450833   42
1998 01 20  2450834   39
1998 01 21  2450835   38
1998 01 22  2450836   38
1998 01 23  2450837   39
1998 01 24  2450838   42
1998 01 25  2450839   41
1998 01 26  2450840   41
1998 01 27  2450841   43
1998 01 28  2450842   42
1998 01 29  2450843   45
1998 01 30  2450844   41
1998 01 31  2450845   41
1999 01 01  2451180   37
1999 01 02  2451181   37
1999 01 03  2451182   29
1999 01 04  2451183   35
1999 01 05  2451184   31
1999 01 06  2451185   32
1999 01 07  2451186   32
1999 01 08  2451187   41
1999 01 09  2451188   35
1999 01 10  2451189   31
1999 01 11  2451190   42
1999 01 12  2451191   38
1999 01 13  2451192   40
1999 01 14  2451193   39
1999 01 15  2451194   42
1999 01 16  2451195   40
1999 01 17  2451196   37
1999 01 18  2451197   38
1999 01 19  2451198   39
1999 01 20  2451199   40
1999 01 21  2451200   40
1999 01 22  2451201   40
1999 01 23  2451202   35
1999 01 24  2451203   32
1999 01 25  2451204   33
1999 01 26  2451205   31
1999 01 27  2451206   30
1999 01 28  2451207   34
1999 01 29  2451208   40
1999 01 30  2451209   43
1999 01 31  2451210   40
2000 01 01  2451545   35
2000 01 02  2451546   35
2000 01 03  2451547   32
2000 01 04  2451548   34
2000 01 05  2451549   37
2000 01 06  2451550   38
2000 01 07  2451551   31
2000 01 08  2451552   35
2000 01 09  2451553   38
2000 01 10  2451554   37
2000 01 11  2451555   31
2000 01 12  2451556   32
2000 01 13  2451557   31
2000 01 14  2451558   32
2000 01 15  2451559   37
2000 01 16  2451560   30
2000 01 17  2451561   36
2000 01 18  2451562   32
2000 01 19  2451563   33
2000 01 20  2451564   30
2000 01 21  2451565   35
2000 01 22  2451566   38
2000 01 23  2451567   37
2000 01 24  2451568   34
2000 01 25  2451569   35
2000 01 26  2451570   37
2000 01 27  2451571   37
2000 01 28  2451572   35
2000 01 29  2451573   31
2000 01 30  2451574   32
2000 01 31  2451575   35
2001 01 01  2451911   35
2001 01 02  2451912   35
2001 01 03  2451913   43
2001 01 04  2451914   36
2001 01 05  2451915   43
2001 01 06  2451916   43
2001 01 07  2451917   33
2001 01 08  2451918   45
2001 01 09  2451919   41
2001 01 10  2451920   33
2001 01 11  2451921   46
2001 01 12  2451922   44
2001 01 13  2451923   40
2001 01 14  2451924   32
2001 01 15  2451925   33
2001 01 16  2451926   35
2001 01 17  2451927   29
2001 01 18  2451928   29
2001 01 19  2451929   38
2001 01 20  2451930   40
2001 01 21  2451931   36
2001 01 22  2451932   39
2001 01 23  2451933   41
2001 01 24  2451934   39
2001 01 25  2451935   37
2001 01 26  2451936   33
2001 01 27  2451937   37
2001 01 28  2451938   29
2001 01 29  2451939   32
2001 01 30  2451940   35
2001 01 31  2451941   36
2002 01 01  2452276   40
2002 01 02  2452277   40
2002 01 03  2452278   41
2002 01 04  2452279   36
2002 01 05  2452280   36
2002 01 06  2452281   40
2002 01 07  2452282   43
2002 01 08  2452283   45
2002 01 09  2452284   43
2002 01 10  2452285   39
2002 01 11  2452286   37
2002 01 12  2452287   39
2002 01 13  2452288   41
2002 01 14  2452289   35
2002 01 15  2452290   35
2002 01 16  2452291   34
2002 01 17  2452292   32
2002 01 18  2452293   33
2002 01 19  2452294   34
2002 01 20  2452295   35
2002 01 21  2452296   36
2002 01 22  2452297   33
2002 01 23  2452298   32
2002 01 24  2452299   34
2002 01 25  2452300   35
2002 01 26  2452301   34
2002 01 27  2452302   32
2002 01 28  2452303   32
2002 01 29  2452304   31
2002 01 30  2452305   26
2002 01 31  2452306   31
2003 01 01  2452641   40
2003 01 02  2452642   40
2003 01 03  2452643   42
2003 01 04  2452644   43
2003 01 05  2452645   45
2003 01 06  2452646   37
2003 01 07  2452647   42
2003 01 08  2452648   40
2003 01 09  2452649   40
2003 01 10  2452650   40
2003 01 11  2452651   38
2003 01 12  2452652   39
2003 01 13  2452653   43
2003 01 14  2452654   43
2003 01 15  2452655   40
2003 01 16  2452656   32
2003 01 17  2452657   39
2003 01 18  2452658   42
2003 01 19  2452659   41
2003 01 20  2452660   31
2003 01 21  2452661   34
2003 01 22  2452662   37
2003 01 23  2452663   43
2003 01 24  2452664   38
2003 01 25  2452665   43
2003 01 26  2452666   45
2003 01 27  2452667   48
2003 01 28  2452668   43
2003 01 29  2452669   42
2003 01 30  2452670   42
2003 01 31  2452671   44
2004 01 01  2453006   29
2004 01 02  2453007   29
2004 01 03  2453008   30
2004 01 04  2453009   33
2004 01 05  2453010   23
2004 01 06  2453011   18
2004 01 07  2453012   17
2004 01 08  2453013   26
2004 01 09  2453014   35
2004 01 10  2453015   38
2004 01 11  2453016   36
2004 01 12  2453017   36
2004 01 13  2453018   35
2004 01 14  2453019   38
2004 01 15  2453020   40
2004 01 16  2453021   39
2004 01 17  2453022   38
2004 01 18  2453023   35
2004 01 19  2453024   38
2004 01 20  2453025   40
2004 01 21  2453026   35
2004 01 22  2453027   30
2004 01 23  2453028   29
2004 01 24  2453029   38
2004 01 25  2453030   34
2004 01 26  2453031   34
2004 01 27  2453032   35
2004 01 28  2453033   36
2004 01 29  2453034   40
2004 01 30  2453035   44
2004 01 31  2453036   38
2005 01 01  2453372   35
2005 01 02  2453373   35
2005 01 03  2453374   32
2005 01 04  2453375   32
2005 01 05  2453376   32
2005 01 06  2453377   28
2005 01 07  2453378   32
2005 01 08  2453379   35
2005 01 09  2453380   32
2005 01 10  2453381   33
2005 01 11  2453382   33
2005 01 12  2453383   26
2005 01 13  2453384   33
2005 01 14  2453385   36
2005 01 15  2453386   30
2005 01 16  2453387   28
2005 01 17  2453388   30
2005 01 18  2453389   36
2005 01 19  2453390   42
2005 01 20  2453391   45
2005 01 21  2453392   43
2005 01 22  2453393   43
2005 01 23  2453394   42
2005 01 24  2453395   42
2005 01 25  2453396   37
2005 01 26  2453397   41
2005 01 27  2453398   45
2005 01 28  2453399   42
2005 01 29  2453400   41
2005 01 30  2453401   40
2005 01 31  2453402   40
2006 01 01  2453737   40
2006 01 02  2453738   40
2006 01 03  2453739   39
2006 01 04  2453740   37
2006 01 05  2453741   38
2006 01 06  2453742   42
2006 01 07  2453743   44
2006 01 08  2453744   39
2006 01 09  2453745   39
2006 01 10  2453746   41
2006 01 11  2453747   44
2006 01 12  2453748   39
2006 01 13  2453749   40
2006 01 14  2453750   42
2006 01 15  2453751   38
2006 01 16  2453752   35
2006 01 17  2453753   36
2006 01 18  2453754   39
2006 01 19  2453755   38
2006 01 20  2453756   40
2006 01 21  2453757   39
2006 01 22  2453758   39
2006 01 23  2453759   37
2006 01 24  2453760   38
2006 01 25  2453761   38
2006 01 26  2453762   37
2006 01 27  2453763   38
2006 01 28  2453764   38
2006 01 29  2453765   38
2006 01 30  2453766   39
2006 01 31  2453767   42
2007 01 01  2454102   32
2007 01 02  2454103   32
2007 01 03  2454104   39
2007 01 04  2454105   42
2007 01 05  2454106   32
2007 01 06  2454107   32
2007 01 07  2454108   35
2007 01 08  2454109   39
2007 01 09  2454110   42
2007 01 10  2454111   40
2007 01 11  2454112   32
2007 01 13  2454114   20
2007 01 14  2454115   20
2007 01 15  2454116   21
2007 01 16  2454117   25
2007 01 17  2454118   26
2007 01 18  2454119   29
2007 01 19  2454120   32
2007 01 20  2454121   33
2007 01 21  2454122   35
2007 01 22  2454123   32
2007 01 23  2454124   37
2007 01 24  2454125   34
2007 01 25  2454126   32
2007 01 26  2454127   30
2007 01 27  2454128   30
2007 01 28  2454129   33
2007 01 29  2454130   29
2007 01 30  2454131   32
2007 01 31  2454132   35
2008 01 01  2454467   34
2008 01 02  2454468   34
2008 01 03  2454469   35
2008 01 04  2454470   38
2008 01 05  2454471   37
2008 01 06  2454472   35
2008 01 07  2454473   33
2008 01 08  2454474   32
2008 01 09  2454475   33
2008 01 10  2454476   33
2008 01 11  2454477   37
2008 01 12  2454478   42
2008 01 13  2454479   40
2008 01 14  2454480   36
2008 01 15  2454481   32
2008 01 16  2454482   32
2008 01 17  2454483   30
2008 01 18  2454484   30
2008 01 19  2454485   29
2008 01 20  2454486   33
2008 01 21  2454487   33
2008 01 22  2454488   26
2008 01 23  2454489   23
2008 01 24  2454490   27
2008 01 25  2454491   26
2008 01 26  2454492   26
2008 01 27  2454493   31
2008 01 28  2454494   32
2008 01 29  2454495   31
2008 01 30  2454496   32
2008 01 31  2454497   32
2009 01 01  2454833   34
2009 01 02  2454834   34
2009 01 03  2454835   32
2009 01 04  2454836   31
2009 01 05  2454837   30
2009 01 06  2454838   33
2009 01 07  2454839   38
2009 01 08  2454840   43
2009 01 09  2454841   36
2009 01 10  2454842   32
2009 01 11  2454843   31
2009 01 12  2454844   37
2009 01 13  2454845   40
2009 01 14  2454846   33
2009 01 15  2454847   31
2009 01 16  2454848   31
2009 01 17  2454849   31
2009 01 18  2454850   38
2009 01 19  2454851   37
2009 01 20  2454852   37
2009 01 21  2454853   33
2009 01 22  2454854   29
2009 01 23  2454855   30
2009 01 24  2454856   33
2009 01 25  2454857   33
2009 01 26  2454858   29
2009 01 27  2454859   22
2009 01 28  2454860   27
2009 01 29  2454861   35
2009 01 30  2454862   31
2009 01 31  2454863   31
2010 01 01  2455198   40
2010 01 02  2455199   40
2010 01 03  2455200   38
2010 01 04  2455201   38
2010 01 05  2455202   43
2010 01 06  2455203   44
2010 01 07  2455204   40
2010 01 08  2455205   38
2010 01 09  2455206   36
2010 01 10  2455207   40
2010 01 11  2455208   40
2010 01 12  2455209   41
2010 01 13  2455210   41
2010 01 14  2455211   42
2010 01 15  2455212   41
2010 01 16  2455213   41
2010 01 17  2455214   42
2010 01 18  2455215   42
2010 01 19  2455216   38
2010 01 20  2455217   41
2010 01 21  2455218   38
2010 01 22  2455219   42
2010 01 23  2455220   36
2010 01 24  2455221   37
2010 01 25  2455222   36
2010 01 26  2455223   41
2010 01 27  2455224   39
2010 01 28  2455225   35
2010 01 30  2455227   41
2010 01 31  2455228   40
2011 01 01  2455563   26
2011 01 02  2455564   26
2011 01 03  2455565   28
2011 01 04  2455566   28
2011 01 05  2455567   25
2011 01 06  2455568   32
2011 01 07  2455569   34
2011 01 08  2455570   34
2011 01 09  2455571   33
2011 01 10  2455572   32
2011 01 11  2455573   29
2011 01 12  2455574   29
2011 01 13  2455575   33
2011 01 14  2455576   40
2011 01 15  2455577   42
2011 01 16  2455578   43
2011 01 17  2455579   45
2011 01 18  2455580   41
2011 01 19  2455581   37
2011 01 20  2455582   34
2011 01 21  2455583   31
2011 01 22  2455584   40
2011 01 23  2455585   38
2011 01 24  2455586   36
2011 01 25  2455587   39
2011 01 26  2455588   41
2011 01 27  2455589   38
2011 01 28  2455590   36
2011 01 29  2455591   36
2011 01 30  2455592   39
2011 01 31  2455593   35
2012 01 01  2455928   41
2012 01 02  2455929   41
2012 01 03  2455930   43
2012 01 04  2455931   42
2012 01 05  2455932   39
2012 01 06  2455933   36
2012 01 07  2455934   33
2012 01 08  2455935   36
2012 01 09  2455936   34
2012 01 10  2455937   35
2012 01 11  2455938   32
2012 01 12  2455939   33
2012 01 13  2455940   32
2012 01 14  2455941   30
2012 01 15  2455942   32
2012 01 16  2455943   31
2012 01 17  2455944   30
2012 01 18  2455945   32
2012 01 19  2455946   32
2012 01 20  2455947   37
2012 01 21  2455948   39
2012 01 22  2455949   35
2012 01 23  2455950   34
2012 01 24  2455951   32
2012 01 25  2455952   34
2012 01 26  2455953   41
2012 01 27  2455954   32
2012 01 28  2455955   30
2012 01 29  2455956   31
2012 01 30  2455957   37
2012 01 31  2455958   41
2013 01 01  2456294   31
2013 01 02  2456295   31
2013 01 03  2456296   33
2013 01 04  2456297   32
2013 01 05  2456298   35
2013 01 06  2456299   36
2013 01 07  2456300   36
2013 01 08  2456301   38
2013 01 09  2456302   41
2013 01 10  2456303   34
2013 01 11  2456304   32
2013 01 12  2456305   29
2013 01 13  2456306   26
2013 01 14  2456307   21
2013 01 15  2456308   26
2013 01 16  2456309   32
2013 01 17  2456310   30
2013 01 18  2456311   28
2013 01 19  2456312   30
2013 01 20  2456313   30
2013 01 21  2456314   27
2013 01 22  2456315   28
2013 01 23  2456316   28
2013 01 24  2456317   32
2013 01 25  2456318   33
2013 01 26  2456319   39
2013 01 27  2456320   37
2013 01 28  2456321   32
2013 01 29  2456322   33
2013 01 30  2456323   40
2013 01 31  2456324   40
2014 01 01  2456659   35
2014 01 02  2456660   35
2014 01 03  2456661   34
2014 01 04  2456662   36
2014 01 05  2456663   31
2014 01 06  2456664   31
2014 01 07  2456665   39
2014 01 08  2456666   39
2014 01 09  2456667   42
2014 01 10  2456668   40
2014 01 11  2456669   42
2014 01 12  2456670   40
2014 01 13  2456671   40
2014 01 14  2456672   42
2014 01 15  2456673   37
2014 01 16  2456674   32
2014 01 17  2456675   31
2014 01 18  2456676   31
2014 01 19  2456677   31
2014 01 20  2456678   30
2014 01 21  2456679   38
2014 01 22  2456680   31
2014 01 23  2456681   33
2014 01 24  2456682   33
2014 01 25  2456683   40
2014 01 26  2456684   32
2014 01 27  2456685   31
2014 01 28  2456686   32
2014 01 29  2456687   40
2014 01 30  2456688   41
2014 01 31  2456689   38
